# Created by Octave 4.4.0, Wed Jun 20 09:37:35 2018 EDT <waikeenvong@nwk-5-140.nwk.ruw.rutgers.edu>
# name: likelihoods
# type: cell
# rows: 1
# columns: 1
# name: <cell-element>
# type: matrix
# rows: 12
# columns: 12
 0.59074833313051012 0.20462583343474497 0.20462583343474497 0.41970375037269247 0.41970375037269247 0.16059249925461491 0.41492746590143925 0.41492746590143925 0.16183360884833781 0.42323892525022283 0.42323892525022283 0.16183360884833781
 0.59074833313051012 0.20462583343474497 0.20462583343474497 0.41970375037269247 0.41970375037269247 0.16059249925461491 0.41492746590143925 0.41492746590143925 0.16183360884833781 0.42323892525022283 0.42323892525022283 0.16183360884833781
 0.59074833313051012 0.20462583343474497 0.20462583343474497 0.41970375037269247 0.41970375037269247 0.16059249925461491 0.41492746590143925 0.41492746590143925 0.16183360884833781 0.42323892525022283 0.42323892525022283 0.16183360884833781
 0.59074833313051012 0.20462583343474497 0.20462583343474497 0.41970375037269247 0.41970375037269247 0.16059249925461491 0.41492746590143925 0.41492746590143925 0.16183360884833781 0.42323892525022283 0.42323892525022283 0.16183360884833781
 0.20462583343474502 0.59074833313051012 0.204625833434745 0.41970375037269264 0.16059249925461494 0.41970375037269264 0.423238925250223 0.16183360884833789 0.41492746590143925 0.41492746590143925 0.16183360884833786 0.42323892525022289
 0.20462583343474502 0.59074833313051012 0.204625833434745 0.41970375037269264 0.16059249925461494 0.41970375037269264 0.423238925250223 0.16183360884833789 0.41492746590143925 0.41492746590143925 0.16183360884833786 0.42323892525022289
 0.20462583343474497 0.20462583343474489 0.59074833313051001 0.16059249925461488 0.41970375037269253 0.41970375037269253 0.16183360884833783 0.423238925250223 0.42323892525022289 0.16183360884833781 0.41492746590143925 0.41492746590143925
 0.20462583343474497 0.20462583343474489 0.59074833313051001 0.16059249925461488 0.41970375037269253 0.41970375037269253 0.16183360884833783 0.423238925250223 0.42323892525022289 0.16183360884833781 0.41492746590143925 0.41492746590143925
 0.20462583343474502 0.59074833313051012 0.204625833434745 0.41970375037269264 0.16059249925461494 0.41970375037269264 0.423238925250223 0.16183360884833789 0.41492746590143925 0.41492746590143925 0.16183360884833786 0.42323892525022289
 0.20462583343474502 0.59074833313051012 0.204625833434745 0.41970375037269264 0.16059249925461494 0.41970375037269264 0.423238925250223 0.16183360884833789 0.41492746590143925 0.41492746590143925 0.16183360884833786 0.42323892525022289
 0.20462583343474497 0.20462583343474489 0.59074833313051001 0.16059249925461488 0.41970375037269253 0.41970375037269253 0.16183360884833783 0.423238925250223 0.42323892525022289 0.16183360884833781 0.41492746590143925 0.41492746590143925
 0.20462583343474497 0.20462583343474489 0.59074833313051001 0.16059249925461488 0.41970375037269253 0.41970375037269253 0.16183360884833783 0.423238925250223 0.42323892525022289 0.16183360884833781 0.41492746590143925 0.41492746590143925





# name: posterior
# type: cell
# rows: 1
# columns: 1
# name: <cell-element>
# type: matrix
# rows: 12
# columns: 12
 0.01663740767329307 0.14407333971220429 0.14407333971220429 0.059101160387175 0.059101160387175 0.11307026738498516 0.058428581325540109 0.058428581325540109 0.11394411015016828 0.059598970895773283 0.059598970895773283 0.11394411015016828
 0.11211103675919555 0.0024210399798671811 0.000484207995973436 0.39825269025016419 0.00019862977069833615 0.0019000575569369713 0.00098184668751779332 0.078744104338927035 0.0019147418023001458 0.40160718232756659 0.0010015141703929339 0.00038294836046002905
 0.11211103675919552 0.00048420799597343589 0.0024210399798671807 0.00019862977069833612 0.39825269025016413 0.0019000575569369709 0.078744104338927021 0.00098184668751779332 0.00038294836046002894 0.0010015141703929337 0.40160718232756648 0.0019147418023001453
 0.40661201857044488 0.0017561588612689358 0.0017561588612689358 0.0043134420840263369 0.0043134420840263369 1.7185185596565015e-05 0.28559453325318263 0.28559453325318263 0.0013889034510433517 0.0036323604724578891 0.0036323604724578891 0.0013889034510433517
 0.14407333971220426 0.01663740767329306 0.14407333971220423 0.059101160387174993 0.11307026738498512 0.059101160387174993 0.059598970895773269 0.11394411015016828 0.058428581325540081 0.058428581325540081 0.11394411015016825 0.059598970895773262
 0.0024210399798671807 0.11211103675919552 0.000484207995973436 0.39825269025016435 0.0019000575569369713 0.00019862977069833623 0.40160718232756665 0.0019147418023001462 0.078744104338927021 0.00098184668751779332 0.00038294836046002905 0.0010015141703929339
 0.14407333971220423 0.14407333971220418 0.01663740767329306 0.11307026738498512 0.059101160387175 0.059101160387175 0.11394411015016827 0.059598970895773283 0.059598970895773276 0.11394411015016825 0.058428581325540095 0.058428581325540095
 0.0024210399798671811 0.00048420799597343579 0.11211103675919555 0.0019000575569369709 0.39825269025016424 0.00019862977069833618 0.0019147418023001458 0.40160718232756676 0.0010015141703929341 0.00038294836046002905 0.00098184668751779332 0.078744104338927035
 0.000484207995973436 0.11211103675919552 0.0024210399798671807 0.00019862977069833623 0.0019000575569369713 0.39825269025016435 0.0010015141703929339 0.00038294836046002916 0.00098184668751779332 0.078744104338927021 0.0019147418023001458 0.40160718232756654
 0.0017561588612689371 0.40661201857044499 0.0017561588612689367 0.0043134420840263404 1.7185185596565029e-05 0.0043134420840263404 0.0036323604724578917 0.0013889034510433528 0.28559453325318274 0.28559453325318274 0.0013889034510433525 0.0036323604724578908
 0.00048420799597343589 0.0024210399798671794 0.11211103675919552 0.0019000575569369704 0.00019862977069833615 0.39825269025016419 0.00038294836046002899 0.0010015141703929339 0.40160718232756654 0.0019147418023001453 0.078744104338927021 0.00098184668751779332
 0.0017561588612689364 0.0017561588612689356 0.40661201857044499 1.7185185596565022e-05 0.0043134420840263395 0.0043134420840263395 0.0013889034510433523 0.0036323604724578917 0.0036323604724578908 0.0013889034510433521 0.28559453325318274 0.28559453325318274





# name: examples
# type: matrix
# rows: 12
# columns: 6
 1 2 3 0 1 1
 1 2 3 0 1 2
 1 2 3 0 2 1
 1 2 3 0 2 2
 1 2 3 1 0 1
 1 2 3 1 0 2
 1 2 3 1 1 0
 1 2 3 1 2 0
 1 2 3 2 0 1
 1 2 3 2 0 2
 1 2 3 2 1 0
 1 2 3 2 2 0


# name: bnet
# type: cell
# rows: 1
# columns: 12
# name: <cell-element>
# type: scalar struct
# ndims: 2
 1 1
# length: 1
# name: node
# type: cell
# rows: 1
# columns: 3
# name: <cell-element>
# type: scalar struct
# ndims: 2
 1 1
# length: 5
# name: parents
# type: matrix
# rows: 0
# columns: 0


# name: state_space
# type: cell
# rows: 1
# columns: 2
# name: <cell-element>
# type: scalar
0



# name: <cell-element>
# type: scalar
1





# name: current_state
# type: scalar
0


# name: current_state_idx
# type: scalar
1


# name: cpd
# type: scalar struct
# ndims: 2
 1 1
# length: 2
# name: parent_settings
# type: cell
# rows: 1
# columns: 1
# name: <cell-element>
# type: null_matrix
# rows: 0
# columns: 0





# name: dists
# type: cell
# rows: 1
# columns: 1
# name: <cell-element>
# type: matrix
# rows: 1
# columns: 2
 0.98999999999999999 0.01










# name: <cell-element>
# type: scalar struct
# ndims: 2
 1 1
# length: 5
# name: parents
# type: scalar
1


# name: state_space
# type: cell
# rows: 1
# columns: 2
# name: <cell-element>
# type: scalar
0



# name: <cell-element>
# type: scalar
1





# name: current_state
# type: scalar
0


# name: current_state_idx
# type: scalar
1


# name: cpd
# type: scalar struct
# ndims: 2
 1 1
# length: 2
# name: parent_settings
# type: cell
# rows: 1
# columns: 2
# name: <cell-element>
# type: scalar
1



# name: <cell-element>
# type: scalar
2





# name: dists
# type: cell
# rows: 1
# columns: 2
